4, 4, 4, 4, 4, 4, 4, 4, 4, 4, 4, 4, 4, 
4, 3, 2, 2, 2, 2, 4, 3, 2, 2, 2, 3, 4, 
4, 2, 2, 2, 2, 2, 4, 2, 2, 2, 2, 2, 4, 
4, 2, 2, 2, 2, 2, 4, 2, 2, 2, 2, 2, 4, 
4, 2, 2, 2, 2, 2, 5, 2, 2, 2, 2, 2, 4, 
4, 2, 2, 2, 2, 0, 2, 0, 2, 2, 2, 2, 4, 
4, 4, 4, 4, 2, 0, 2, 0, 2, 4, 4, 4, 4, 
4, 2, 2, 2, 2, 0, 2, 0, 2, 2, 2, 2, 4, 
4, 2, 2, 2, 2, 2, 2, 2, 2, 2, 2, 2, 4, 
4, 2, 2, 2, 2, 2, 4, 2, 2, 2, 2, 2, 4, 
4, 2, 2, 2, 2, 2, 4, 2, 2, 2, 2, 2, 4, 
4, 3, 2, 2, 2, 3, 4, 2, 2, 2, 2, 3, 4, 
4, 4, 4, 4, 4, 4, 4, 4, 4, 4, 4, 4, 4, 
Game Start
4, 4, 4, 4, 4, 4, 4, 4, 4, 4, 4, 4, 4, 
4, 3, 2, 2, 2, 2, 4, 3, 2, 2, 2, 3, 4, 
4, 2, 2, 2, 2, 2, 4, 2, 2, 2, 2, 2, 4, 
4, 2, 2, 2, 2, 2, 4, 2, 2, 2, 2, 2, 4, 
4, 2, 2, 2, 2, 2, 2, 5, 2, 2, 2, 2, 4, 
4, 2, 2, 2, 2, 0, 2, 0, 2, 2, 2, 2, 4, 
4, 4, 4, 4, 2, 0, 2, 0, 2, 4, 4, 4, 4, 
4, 2, 2, 2, 2, 0, 2, 0, 2, 2, 2, 2, 4, 
4, 2, 2, 2, 2, 2, 2, 2, 2, 2, 2, 2, 4, 
4, 2, 2, 2, 2, 2, 4, 2, 2, 2, 2, 2, 4, 
4, 2, 2, 2, 2, 2, 4, 2, 2, 2, 2, 2, 4, 
4, 3, 2, 2, 2, 3, 4, 2, 2, 2, 2, 3, 4, 
4, 4, 4, 4, 4, 4, 4, 4, 4, 4, 4, 4, 4, 
Right
4, 4, 4, 4, 4, 4, 4, 4, 4, 4, 4, 4, 4, 
4, 3, 2, 2, 2, 2, 4, 3, 2, 2, 2, 3, 4, 
4, 2, 2, 2, 2, 2, 4, 2, 2, 2, 2, 2, 4, 
4, 2, 2, 2, 2, 2, 4, 2, 2, 2, 2, 2, 4, 
4, 2, 2, 2, 2, 2, 5, 2, 2, 2, 2, 2, 4, 
4, 2, 2, 2, 2, 0, 2, 0, 2, 2, 2, 2, 4, 
4, 4, 4, 4, 2, 0, 2, 0, 2, 4, 4, 4, 4, 
4, 2, 2, 2, 2, 0, 2, 0, 2, 2, 2, 2, 4, 
4, 2, 2, 2, 2, 2, 2, 2, 2, 2, 2, 2, 4, 
4, 2, 2, 2, 2, 2, 4, 2, 2, 2, 2, 2, 4, 
4, 2, 2, 2, 2, 2, 4, 2, 2, 2, 2, 2, 4, 
4, 3, 2, 2, 2, 3, 4, 2, 2, 2, 2, 3, 4, 
4, 4, 4, 4, 4, 4, 4, 4, 4, 4, 4, 4, 4, 
Left
4, 4, 4, 4, 4, 4, 4, 4, 4, 4, 4, 4, 4, 
4, 3, 2, 2, 2, 2, 4, 3, 2, 2, 2, 3, 4, 
4, 2, 2, 2, 2, 2, 4, 2, 2, 2, 2, 2, 4, 
4, 2, 2, 2, 2, 2, 4, 2, 2, 2, 2, 2, 4, 
4, 2, 2, 2, 2, 2, 2, 2, 2, 2, 2, 2, 4, 
4, 2, 2, 2, 2, 0, 5, 0, 2, 2, 2, 2, 4, 
4, 4, 4, 4, 2, 0, 2, 0, 2, 4, 4, 4, 4, 
4, 2, 2, 2, 2, 0, 2, 0, 2, 2, 2, 2, 4, 
4, 2, 2, 2, 2, 2, 2, 2, 2, 2, 2, 2, 4, 
4, 2, 2, 2, 2, 2, 4, 2, 2, 2, 2, 2, 4, 
4, 2, 2, 2, 2, 2, 4, 2, 2, 2, 2, 2, 4, 
4, 3, 2, 2, 2, 3, 4, 2, 2, 2, 2, 3, 4, 
4, 4, 4, 4, 4, 4, 4, 4, 4, 4, 4, 4, 4, 
Down
4, 4, 4, 4, 4, 4, 4, 4, 4, 4, 4, 4, 4, 
4, 3, 2, 2, 2, 2, 4, 3, 2, 2, 2, 3, 4, 
4, 2, 2, 2, 2, 2, 4, 2, 2, 2, 2, 2, 4, 
4, 2, 2, 2, 2, 2, 4, 2, 2, 2, 2, 2, 4, 
4, 2, 2, 2, 2, 2, 2, 2, 2, 2, 2, 2, 4, 
4, 2, 2, 2, 0, 5, 2, 0, 2, 2, 2, 2, 4, 
4, 4, 4, 4, 2, 0, 2, 0, 2, 4, 4, 4, 4, 
4, 2, 2, 2, 2, 0, 2, 0, 2, 2, 2, 2, 4, 
4, 2, 2, 2, 2, 2, 2, 2, 2, 2, 2, 2, 4, 
4, 2, 2, 2, 2, 2, 4, 2, 2, 2, 2, 2, 4, 
4, 2, 2, 2, 2, 2, 4, 2, 2, 2, 2, 2, 4, 
4, 3, 2, 2, 2, 3, 4, 2, 2, 2, 2, 3, 4, 
4, 4, 4, 4, 4, 4, 4, 4, 4, 4, 4, 4, 4, 
Left
4, 4, 4, 4, 4, 4, 4, 4, 4, 4, 4, 4, 4, 
4, 3, 2, 2, 2, 2, 4, 3, 2, 2, 2, 3, 4, 
4, 2, 2, 2, 2, 2, 4, 2, 2, 2, 2, 2, 4, 
4, 2, 2, 2, 2, 2, 4, 2, 2, 2, 2, 2, 4, 
4, 2, 2, 2, 2, 2, 2, 2, 2, 2, 2, 2, 4, 
4, 2, 2, 2, 0, 2, 5, 0, 2, 2, 2, 2, 4, 
4, 4, 4, 4, 2, 0, 2, 0, 2, 4, 4, 4, 4, 
4, 2, 2, 2, 2, 0, 2, 0, 2, 2, 2, 2, 4, 
4, 2, 2, 2, 2, 2, 2, 2, 2, 2, 2, 2, 4, 
4, 2, 2, 2, 2, 2, 4, 2, 2, 2, 2, 2, 4, 
4, 2, 2, 2, 2, 2, 4, 2, 2, 2, 2, 2, 4, 
4, 3, 2, 2, 2, 3, 4, 2, 2, 2, 2, 3, 4, 
4, 4, 4, 4, 4, 4, 4, 4, 4, 4, 4, 4, 4, 
Right
4, 4, 4, 4, 4, 4, 4, 4, 4, 4, 4, 4, 4, 
4, 3, 2, 2, 2, 2, 4, 3, 2, 2, 2, 3, 4, 
4, 2, 2, 2, 2, 2, 4, 2, 2, 2, 2, 2, 4, 
4, 2, 2, 2, 2, 2, 4, 2, 2, 2, 2, 2, 4, 
4, 2, 2, 2, 2, 2, 5, 2, 2, 2, 2, 2, 4, 
4, 2, 2, 2, 0, 2, 2, 0, 2, 2, 2, 2, 4, 
4, 4, 4, 4, 2, 0, 2, 0, 2, 4, 4, 4, 4, 
4, 2, 2, 2, 2, 0, 2, 0, 2, 2, 2, 2, 4, 
4, 2, 2, 2, 2, 2, 2, 2, 2, 2, 2, 2, 4, 
4, 2, 2, 2, 2, 2, 4, 2, 2, 2, 2, 2, 4, 
4, 2, 2, 2, 2, 2, 4, 2, 2, 2, 2, 2, 4, 
4, 3, 2, 2, 2, 3, 4, 2, 2, 2, 2, 3, 4, 
4, 4, 4, 4, 4, 4, 4, 4, 4, 4, 4, 4, 4, 
Up
4, 4, 4, 4, 4, 4, 4, 4, 4, 4, 4, 4, 4, 
4, 3, 2, 2, 2, 2, 4, 3, 2, 2, 2, 3, 4, 
4, 2, 2, 2, 2, 2, 4, 2, 2, 2, 2, 2, 4, 
4, 2, 2, 2, 2, 2, 4, 2, 2, 2, 2, 2, 4, 
4, 2, 2, 2, 2, 2, 2, 5, 2, 2, 2, 2, 4, 
4, 2, 2, 2, 0, 2, 2, 0, 2, 2, 2, 2, 4, 
4, 4, 4, 4, 2, 0, 2, 0, 2, 4, 4, 4, 4, 
4, 2, 2, 2, 2, 0, 2, 0, 2, 2, 2, 2, 4, 
4, 2, 2, 2, 2, 2, 2, 2, 2, 2, 2, 2, 4, 
4, 2, 2, 2, 2, 2, 4, 2, 2, 2, 2, 2, 4, 
4, 2, 2, 2, 2, 2, 4, 2, 2, 2, 2, 2, 4, 
4, 3, 2, 2, 2, 3, 4, 2, 2, 2, 2, 3, 4, 
4, 4, 4, 4, 4, 4, 4, 4, 4, 4, 4, 4, 4, 
Right
4, 4, 4, 4, 4, 4, 4, 4, 4, 4, 4, 4, 4, 
4, 3, 2, 2, 2, 2, 4, 3, 2, 2, 2, 3, 4, 
4, 2, 2, 2, 2, 2, 4, 2, 2, 2, 2, 2, 4, 
4, 2, 2, 2, 2, 2, 4, 5, 2, 2, 2, 2, 4, 
4, 2, 2, 2, 2, 2, 2, 2, 2, 2, 2, 2, 4, 
4, 2, 2, 2, 0, 2, 2, 0, 2, 2, 2, 2, 4, 
4, 4, 4, 4, 2, 0, 2, 0, 2, 4, 4, 4, 4, 
4, 2, 2, 2, 2, 0, 2, 0, 2, 2, 2, 2, 4, 
4, 2, 2, 2, 2, 2, 2, 2, 2, 2, 2, 2, 4, 
4, 2, 2, 2, 2, 2, 4, 2, 2, 2, 2, 2, 4, 
4, 2, 2, 2, 2, 2, 4, 2, 2, 2, 2, 2, 4, 
4, 3, 2, 2, 2, 3, 4, 2, 2, 2, 2, 3, 4, 
4, 4, 4, 4, 4, 4, 4, 4, 4, 4, 4, 4, 4, 
Up
4, 4, 4, 4, 4, 4, 4, 4, 4, 4, 4, 4, 4, 
4, 3, 2, 2, 2, 2, 4, 3, 2, 2, 2, 3, 4, 
4, 2, 2, 2, 2, 2, 4, 2, 2, 2, 2, 2, 4, 
4, 2, 2, 2, 2, 2, 4, 2, 2, 2, 2, 2, 4, 
4, 2, 2, 2, 2, 2, 2, 5, 2, 2, 2, 2, 4, 
4, 2, 2, 2, 0, 2, 2, 0, 2, 2, 2, 2, 4, 
4, 4, 4, 4, 2, 0, 2, 0, 2, 4, 4, 4, 4, 
4, 2, 2, 2, 2, 0, 2, 0, 2, 2, 2, 2, 4, 
4, 2, 2, 2, 2, 2, 2, 2, 2, 2, 2, 2, 4, 
4, 2, 2, 2, 2, 2, 4, 2, 2, 2, 2, 2, 4, 
4, 2, 2, 2, 2, 2, 4, 2, 2, 2, 2, 2, 4, 
4, 3, 2, 2, 2, 3, 4, 2, 2, 2, 2, 3, 4, 
4, 4, 4, 4, 4, 4, 4, 4, 4, 4, 4, 4, 4, 
Down
4, 4, 4, 4, 4, 4, 4, 4, 4, 4, 4, 4, 4, 
4, 3, 2, 2, 2, 2, 4, 3, 2, 2, 2, 3, 4, 
4, 2, 2, 2, 2, 2, 4, 2, 2, 2, 2, 2, 4, 
4, 2, 2, 2, 2, 2, 4, 2, 2, 2, 2, 2, 4, 
4, 2, 2, 2, 2, 2, 2, 2, 5, 2, 2, 2, 4, 
4, 2, 2, 2, 0, 2, 2, 0, 2, 2, 2, 2, 4, 
4, 4, 4, 4, 2, 0, 2, 0, 2, 4, 4, 4, 4, 
4, 2, 2, 2, 2, 0, 2, 0, 2, 2, 2, 2, 4, 
4, 2, 2, 2, 2, 2, 2, 2, 2, 2, 2, 2, 4, 
4, 2, 2, 2, 2, 2, 4, 2, 2, 2, 2, 2, 4, 
4, 2, 2, 2, 2, 2, 4, 2, 2, 2, 2, 2, 4, 
4, 3, 2, 2, 2, 3, 4, 2, 2, 2, 2, 3, 4, 
4, 4, 4, 4, 4, 4, 4, 4, 4, 4, 4, 4, 4, 
Right
4, 4, 4, 4, 4, 4, 4, 4, 4, 4, 4, 4, 4, 
4, 3, 2, 2, 2, 2, 4, 3, 2, 2, 2, 3, 4, 
4, 2, 2, 2, 2, 2, 4, 2, 2, 2, 2, 2, 4, 
4, 2, 2, 2, 2, 2, 4, 2, 2, 2, 2, 2, 4, 
4, 2, 2, 2, 2, 2, 2, 5, 2, 2, 2, 2, 4, 
4, 2, 2, 2, 0, 2, 2, 0, 2, 2, 2, 2, 4, 
4, 4, 4, 4, 2, 0, 2, 0, 2, 4, 4, 4, 4, 
4, 2, 2, 2, 2, 0, 2, 0, 2, 2, 2, 2, 4, 
4, 2, 2, 2, 2, 2, 2, 2, 2, 2, 2, 2, 4, 
4, 2, 2, 2, 2, 2, 4, 2, 2, 2, 2, 2, 4, 
4, 2, 2, 2, 2, 2, 4, 2, 2, 2, 2, 2, 4, 
4, 3, 2, 2, 2, 3, 4, 2, 2, 2, 2, 3, 4, 
4, 4, 4, 4, 4, 4, 4, 4, 4, 4, 4, 4, 4, 
Left
4, 4, 4, 4, 4, 4, 4, 4, 4, 4, 4, 4, 4, 
4, 3, 2, 2, 2, 2, 4, 3, 2, 2, 2, 3, 4, 
4, 2, 2, 2, 2, 2, 4, 2, 2, 2, 2, 2, 4, 
4, 2, 2, 2, 2, 2, 4, 2, 2, 2, 2, 2, 4, 
4, 2, 2, 2, 2, 2, 5, 2, 2, 2, 2, 2, 4, 
4, 2, 2, 2, 2, 0, 2, 0, 2, 2, 2, 2, 4, 
4, 4, 4, 4, 2, 0, 2, 0, 2, 4, 4, 4, 4, 
4, 2, 2, 2, 2, 0, 2, 0, 2, 2, 2, 2, 4, 
4, 2, 2, 2, 2, 2, 2, 2, 2, 2, 2, 2, 4, 
4, 2, 2, 2, 2, 2, 4, 2, 2, 2, 2, 2, 4, 
4, 2, 2, 2, 2, 2, 4, 2, 2, 2, 2, 2, 4, 
4, 3, 2, 2, 2, 3, 4, 2, 2, 2, 2, 3, 4, 
4, 4, 4, 4, 4, 4, 4, 4, 4, 4, 4, 4, 4, 
Game Reset
4, 4, 4, 4, 4, 4, 4, 4, 4, 4, 4, 4, 4, 
4, 3, 2, 2, 2, 2, 4, 3, 2, 2, 2, 3, 4, 
4, 2, 2, 2, 2, 2, 4, 2, 2, 2, 2, 2, 4, 
4, 2, 2, 2, 2, 2, 4, 2, 2, 2, 2, 2, 4, 
4, 2, 2, 2, 2, 2, 2, 2, 2, 2, 2, 2, 4, 
4, 2, 2, 2, 2, 0, 5, 0, 2, 2, 2, 2, 4, 
4, 4, 4, 4, 2, 0, 2, 0, 2, 4, 4, 4, 4, 
4, 2, 2, 2, 2, 0, 2, 0, 2, 2, 2, 2, 4, 
4, 2, 2, 2, 2, 2, 2, 2, 2, 2, 2, 2, 4, 
4, 2, 2, 2, 2, 2, 4, 2, 2, 2, 2, 2, 4, 
4, 2, 2, 2, 2, 2, 4, 2, 2, 2, 2, 2, 4, 
4, 3, 2, 2, 2, 3, 4, 2, 2, 2, 2, 3, 4, 
4, 4, 4, 4, 4, 4, 4, 4, 4, 4, 4, 4, 4, 
Down
4, 4, 4, 4, 4, 4, 4, 4, 4, 4, 4, 4, 4, 
4, 3, 2, 2, 2, 2, 4, 3, 2, 2, 2, 3, 4, 
4, 2, 2, 2, 2, 2, 4, 2, 2, 2, 2, 2, 4, 
4, 2, 2, 2, 2, 2, 4, 2, 2, 2, 2, 2, 4, 
4, 2, 2, 2, 2, 2, 5, 2, 2, 2, 2, 2, 4, 
4, 2, 2, 2, 2, 0, 2, 0, 2, 2, 2, 2, 4, 
4, 4, 4, 4, 2, 0, 2, 0, 2, 4, 4, 4, 4, 
4, 2, 2, 2, 2, 0, 2, 0, 2, 2, 2, 2, 4, 
4, 2, 2, 2, 2, 2, 2, 2, 2, 2, 2, 2, 4, 
4, 2, 2, 2, 2, 2, 4, 2, 2, 2, 2, 2, 4, 
4, 2, 2, 2, 2, 2, 4, 2, 2, 2, 2, 2, 4, 
4, 3, 2, 2, 2, 3, 4, 2, 2, 2, 2, 3, 4, 
4, 4, 4, 4, 4, 4, 4, 4, 4, 4, 4, 4, 4, 
Up
4, 4, 4, 4, 4, 4, 4, 4, 4, 4, 4, 4, 4, 
4, 3, 2, 2, 2, 2, 4, 3, 2, 2, 2, 3, 4, 
4, 2, 2, 2, 2, 2, 4, 2, 2, 2, 2, 2, 4, 
4, 2, 2, 2, 2, 2, 4, 2, 2, 2, 2, 2, 4, 
4, 2, 2, 2, 2, 5, 2, 2, 2, 2, 2, 2, 4, 
4, 2, 2, 2, 2, 0, 2, 0, 2, 2, 2, 2, 4, 
4, 4, 4, 4, 2, 0, 2, 0, 2, 4, 4, 4, 4, 
4, 2, 2, 2, 2, 0, 2, 0, 2, 2, 2, 2, 4, 
4, 2, 2, 2, 2, 2, 2, 2, 2, 2, 2, 2, 4, 
4, 2, 2, 2, 2, 2, 4, 2, 2, 2, 2, 2, 4, 
4, 2, 2, 2, 2, 2, 4, 2, 2, 2, 2, 2, 4, 
4, 3, 2, 2, 2, 3, 4, 2, 2, 2, 2, 3, 4, 
4, 4, 4, 4, 4, 4, 4, 4, 4, 4, 4, 4, 4, 
Left
4, 4, 4, 4, 4, 4, 4, 4, 4, 4, 4, 4, 4, 
4, 3, 2, 2, 2, 2, 4, 3, 2, 2, 2, 3, 4, 
4, 2, 2, 2, 2, 2, 4, 2, 2, 2, 2, 2, 4, 
4, 2, 2, 2, 2, 2, 4, 2, 2, 2, 2, 2, 4, 
4, 2, 2, 2, 5, 2, 2, 2, 2, 2, 2, 2, 4, 
4, 2, 2, 2, 2, 0, 2, 0, 2, 2, 2, 2, 4, 
4, 4, 4, 4, 2, 0, 2, 0, 2, 4, 4, 4, 4, 
4, 2, 2, 2, 2, 0, 2, 0, 2, 2, 2, 2, 4, 
4, 2, 2, 2, 2, 2, 2, 2, 2, 2, 2, 2, 4, 
4, 2, 2, 2, 2, 2, 4, 2, 2, 2, 2, 2, 4, 
4, 2, 2, 2, 2, 2, 4, 2, 2, 2, 2, 2, 4, 
4, 3, 2, 2, 2, 3, 4, 2, 2, 2, 2, 3, 4, 
4, 4, 4, 4, 4, 4, 4, 4, 4, 4, 4, 4, 4, 
Left
4, 4, 4, 4, 4, 4, 4, 4, 4, 4, 4, 4, 4, 
4, 3, 2, 2, 2, 2, 4, 3, 2, 2, 2, 3, 4, 
4, 2, 2, 2, 2, 2, 4, 2, 2, 2, 2, 2, 4, 
4, 2, 2, 2, 2, 2, 4, 2, 2, 2, 2, 2, 4, 
4, 2, 2, 5, 2, 2, 2, 2, 2, 2, 2, 2, 4, 
4, 2, 2, 2, 2, 0, 2, 0, 2, 2, 2, 2, 4, 
4, 4, 4, 4, 2, 0, 2, 0, 2, 4, 4, 4, 4, 
4, 2, 2, 2, 2, 0, 2, 0, 2, 2, 2, 2, 4, 
4, 2, 2, 2, 2, 2, 2, 2, 2, 2, 2, 2, 4, 
4, 2, 2, 2, 2, 2, 4, 2, 2, 2, 2, 2, 4, 
4, 2, 2, 2, 2, 2, 4, 2, 2, 2, 2, 2, 4, 
4, 3, 2, 2, 2, 3, 4, 2, 2, 2, 2, 3, 4, 
4, 4, 4, 4, 4, 4, 4, 4, 4, 4, 4, 4, 4, 
Left
4, 4, 4, 4, 4, 4, 4, 4, 4, 4, 4, 4, 4, 
4, 3, 2, 2, 2, 2, 4, 3, 2, 2, 2, 3, 4, 
4, 2, 2, 2, 2, 2, 4, 2, 2, 2, 2, 2, 4, 
4, 2, 2, 2, 2, 2, 4, 2, 2, 2, 2, 2, 4, 
4, 2, 2, 2, 5, 2, 2, 2, 2, 2, 2, 2, 4, 
4, 2, 2, 2, 2, 0, 2, 0, 2, 2, 2, 2, 4, 
4, 4, 4, 4, 2, 0, 2, 0, 2, 4, 4, 4, 4, 
4, 2, 2, 2, 2, 0, 2, 0, 2, 2, 2, 2, 4, 
4, 2, 2, 2, 2, 2, 2, 2, 2, 2, 2, 2, 4, 
4, 2, 2, 2, 2, 2, 4, 2, 2, 2, 2, 2, 4, 
4, 2, 2, 2, 2, 2, 4, 2, 2, 2, 2, 2, 4, 
4, 3, 2, 2, 2, 3, 4, 2, 2, 2, 2, 3, 4, 
4, 4, 4, 4, 4, 4, 4, 4, 4, 4, 4, 4, 4, 
Right
4, 4, 4, 4, 4, 4, 4, 4, 4, 4, 4, 4, 4, 
4, 3, 2, 2, 2, 2, 4, 3, 2, 2, 2, 3, 4, 
4, 2, 2, 2, 2, 2, 4, 2, 2, 2, 2, 2, 4, 
4, 2, 2, 2, 2, 2, 4, 2, 2, 2, 2, 2, 4, 
4, 2, 2, 2, 5, 2, 2, 2, 2, 2, 2, 2, 4, 
4, 2, 2, 2, 2, 0, 2, 0, 2, 2, 2, 2, 4, 
4, 4, 4, 4, 2, 0, 2, 0, 2, 4, 4, 4, 4, 
4, 2, 2, 2, 2, 0, 2, 0, 2, 2, 2, 2, 4, 
4, 2, 2, 2, 2, 2, 2, 2, 2, 2, 2, 2, 4, 
4, 2, 2, 2, 2, 2, 4, 2, 2, 2, 2, 2, 4, 
4, 2, 2, 2, 2, 2, 4, 2, 2, 2, 2, 2, 4, 
4, 3, 2, 2, 2, 3, 4, 2, 2, 2, 2, 3, 4, 
4, 4, 4, 4, 4, 4, 4, 4, 4, 4, 4, 4, 4, 
Game Paused
4, 4, 4, 4, 4, 4, 4, 4, 4, 4, 4, 4, 4, 
4, 3, 2, 2, 2, 2, 4, 3, 2, 2, 2, 3, 4, 
4, 2, 2, 2, 2, 2, 4, 2, 2, 2, 2, 2, 4, 
4, 2, 2, 2, 2, 2, 4, 2, 2, 2, 2, 2, 4, 
4, 2, 2, 2, 5, 2, 2, 2, 2, 2, 2, 2, 4, 
4, 2, 2, 2, 2, 0, 2, 0, 2, 2, 2, 2, 4, 
4, 4, 4, 4, 2, 0, 2, 0, 2, 4, 4, 4, 4, 
4, 2, 2, 2, 2, 0, 2, 0, 2, 2, 2, 2, 4, 
4, 2, 2, 2, 2, 2, 2, 2, 2, 2, 2, 2, 4, 
4, 2, 2, 2, 2, 2, 4, 2, 2, 2, 2, 2, 4, 
4, 2, 2, 2, 2, 2, 4, 2, 2, 2, 2, 2, 4, 
4, 3, 2, 2, 2, 3, 4, 2, 2, 2, 2, 3, 4, 
4, 4, 4, 4, 4, 4, 4, 4, 4, 4, 4, 4, 4, 
Game UnPaused
4, 4, 4, 4, 4, 4, 4, 4, 4, 4, 4, 4, 4, 
4, 3, 2, 2, 2, 2, 4, 3, 2, 2, 2, 3, 4, 
4, 2, 2, 2, 2, 2, 4, 2, 2, 2, 2, 2, 4, 
4, 2, 2, 2, 2, 2, 4, 2, 2, 2, 2, 2, 4, 
4, 2, 2, 5, 2, 2, 2, 2, 2, 2, 2, 2, 4, 
4, 2, 2, 2, 2, 0, 2, 0, 2, 2, 2, 2, 4, 
4, 4, 4, 4, 2, 0, 2, 0, 2, 4, 4, 4, 4, 
4, 2, 2, 2, 2, 0, 2, 0, 2, 2, 2, 2, 4, 
4, 2, 2, 2, 2, 2, 2, 2, 2, 2, 2, 2, 4, 
4, 2, 2, 2, 2, 2, 4, 2, 2, 2, 2, 2, 4, 
4, 2, 2, 2, 2, 2, 4, 2, 2, 2, 2, 2, 4, 
4, 3, 2, 2, 2, 3, 4, 2, 2, 2, 2, 3, 4, 
4, 4, 4, 4, 4, 4, 4, 4, 4, 4, 4, 4, 4, 
Left
4, 4, 4, 4, 4, 4, 4, 4, 4, 4, 4, 4, 4, 
4, 3, 2, 2, 2, 2, 4, 3, 2, 2, 2, 3, 4, 
4, 2, 2, 2, 2, 2, 4, 2, 2, 2, 2, 2, 4, 
4, 2, 2, 2, 2, 2, 4, 2, 2, 2, 2, 2, 4, 
4, 2, 2, 2, 5, 2, 2, 2, 2, 2, 2, 2, 4, 
4, 2, 2, 2, 2, 0, 2, 0, 2, 2, 2, 2, 4, 
4, 4, 4, 4, 2, 0, 2, 0, 2, 4, 4, 4, 4, 
4, 2, 2, 2, 2, 0, 2, 0, 2, 2, 2, 2, 4, 
4, 2, 2, 2, 2, 2, 2, 2, 2, 2, 2, 2, 4, 
4, 2, 2, 2, 2, 2, 4, 2, 2, 2, 2, 2, 4, 
4, 2, 2, 2, 2, 2, 4, 2, 2, 2, 2, 2, 4, 
4, 3, 2, 2, 2, 3, 4, 2, 2, 2, 2, 3, 4, 
4, 4, 4, 4, 4, 4, 4, 4, 4, 4, 4, 4, 4, 
Right
4, 4, 4, 4, 4, 4, 4, 4, 4, 4, 4, 4, 4, 
4, 3, 2, 2, 2, 2, 4, 3, 2, 2, 2, 3, 4, 
4, 2, 2, 2, 2, 2, 4, 2, 2, 2, 2, 2, 4, 
4, 2, 2, 2, 2, 2, 4, 2, 2, 2, 2, 2, 4, 
4, 2, 2, 2, 2, 2, 2, 2, 2, 2, 2, 2, 4, 
4, 2, 2, 2, 5, 0, 2, 0, 2, 2, 2, 2, 4, 
4, 4, 4, 4, 2, 0, 2, 0, 2, 4, 4, 4, 4, 
4, 2, 2, 2, 2, 0, 2, 0, 2, 2, 2, 2, 4, 
4, 2, 2, 2, 2, 2, 2, 2, 2, 2, 2, 2, 4, 
4, 2, 2, 2, 2, 2, 4, 2, 2, 2, 2, 2, 4, 
4, 2, 2, 2, 2, 2, 4, 2, 2, 2, 2, 2, 4, 
4, 3, 2, 2, 2, 3, 4, 2, 2, 2, 2, 3, 4, 
4, 4, 4, 4, 4, 4, 4, 4, 4, 4, 4, 4, 4, 
Down
4, 4, 4, 4, 4, 4, 4, 4, 4, 4, 4, 4, 4, 
4, 3, 2, 2, 2, 2, 4, 3, 2, 2, 2, 3, 4, 
4, 2, 2, 2, 2, 2, 4, 2, 2, 2, 2, 2, 4, 
4, 2, 2, 2, 2, 2, 4, 2, 2, 2, 2, 2, 4, 
4, 2, 2, 2, 2, 2, 2, 2, 2, 2, 2, 2, 4, 
4, 2, 2, 2, 2, 0, 2, 0, 2, 2, 2, 2, 4, 
4, 4, 4, 4, 5, 0, 2, 0, 2, 4, 4, 4, 4, 
4, 2, 2, 2, 2, 0, 2, 0, 2, 2, 2, 2, 4, 
4, 2, 2, 2, 2, 2, 2, 2, 2, 2, 2, 2, 4, 
4, 2, 2, 2, 2, 2, 4, 2, 2, 2, 2, 2, 4, 
4, 2, 2, 2, 2, 2, 4, 2, 2, 2, 2, 2, 4, 
4, 3, 2, 2, 2, 3, 4, 2, 2, 2, 2, 3, 4, 
4, 4, 4, 4, 4, 4, 4, 4, 4, 4, 4, 4, 4, 
Down
4, 4, 4, 4, 4, 4, 4, 4, 4, 4, 4, 4, 4, 
4, 3, 2, 2, 2, 2, 4, 3, 2, 2, 2, 3, 4, 
4, 2, 2, 2, 2, 2, 4, 2, 2, 2, 2, 2, 4, 
4, 2, 2, 2, 2, 2, 4, 2, 2, 2, 2, 2, 4, 
4, 2, 2, 2, 2, 2, 2, 2, 2, 2, 2, 2, 4, 
4, 2, 2, 2, 2, 0, 2, 0, 2, 2, 2, 2, 4, 
4, 4, 4, 4, 2, 0, 2, 0, 2, 4, 4, 4, 4, 
4, 2, 2, 2, 5, 0, 2, 0, 2, 2, 2, 2, 4, 
4, 2, 2, 2, 2, 2, 2, 2, 2, 2, 2, 2, 4, 
4, 2, 2, 2, 2, 2, 4, 2, 2, 2, 2, 2, 4, 
4, 2, 2, 2, 2, 2, 4, 2, 2, 2, 2, 2, 4, 
4, 3, 2, 2, 2, 3, 4, 2, 2, 2, 2, 3, 4, 
4, 4, 4, 4, 4, 4, 4, 4, 4, 4, 4, 4, 4, 
Down
4, 4, 4, 4, 4, 4, 4, 4, 4, 4, 4, 4, 4, 
4, 3, 2, 2, 2, 2, 4, 3, 2, 2, 2, 3, 4, 
4, 2, 2, 2, 2, 2, 4, 2, 2, 2, 2, 2, 4, 
4, 2, 2, 2, 2, 2, 4, 2, 2, 2, 2, 2, 4, 
4, 2, 2, 2, 2, 2, 2, 2, 2, 2, 2, 2, 4, 
4, 2, 2, 2, 2, 0, 2, 0, 2, 2, 2, 2, 4, 
4, 4, 4, 4, 2, 0, 2, 0, 2, 4, 4, 4, 4, 
4, 2, 2, 2, 2, 0, 2, 0, 2, 2, 2, 2, 4, 
4, 2, 2, 2, 5, 2, 2, 2, 2, 2, 2, 2, 4, 
4, 2, 2, 2, 2, 2, 4, 2, 2, 2, 2, 2, 4, 
4, 2, 2, 2, 2, 2, 4, 2, 2, 2, 2, 2, 4, 
4, 3, 2, 2, 2, 3, 4, 2, 2, 2, 2, 3, 4, 
4, 4, 4, 4, 4, 4, 4, 4, 4, 4, 4, 4, 4, 
Down
4, 4, 4, 4, 4, 4, 4, 4, 4, 4, 4, 4, 4, 
4, 3, 2, 2, 2, 2, 4, 3, 2, 2, 2, 3, 4, 
4, 2, 2, 2, 2, 2, 4, 2, 2, 2, 2, 2, 4, 
4, 2, 2, 2, 2, 2, 4, 2, 2, 2, 2, 2, 4, 
4, 2, 2, 2, 2, 2, 2, 2, 2, 2, 2, 2, 4, 
4, 2, 2, 2, 2, 0, 2, 0, 2, 2, 2, 2, 4, 
4, 4, 4, 4, 2, 0, 2, 0, 2, 4, 4, 4, 4, 
4, 2, 2, 2, 2, 0, 2, 0, 2, 2, 2, 2, 4, 
4, 2, 2, 2, 2, 5, 2, 2, 2, 2, 2, 2, 4, 
4, 2, 2, 2, 2, 2, 4, 2, 2, 2, 2, 2, 4, 
4, 2, 2, 2, 2, 2, 4, 2, 2, 2, 2, 2, 4, 
4, 3, 2, 2, 2, 3, 4, 2, 2, 2, 2, 3, 4, 
4, 4, 4, 4, 4, 4, 4, 4, 4, 4, 4, 4, 4, 
Right
4, 4, 4, 4, 4, 4, 4, 4, 4, 4, 4, 4, 4, 
4, 3, 2, 2, 2, 2, 4, 3, 2, 2, 2, 3, 4, 
4, 2, 2, 2, 2, 2, 4, 2, 2, 2, 2, 2, 4, 
4, 2, 2, 2, 2, 2, 4, 2, 2, 2, 2, 2, 4, 
4, 2, 2, 2, 2, 2, 2, 2, 2, 2, 2, 2, 4, 
4, 2, 2, 2, 2, 0, 2, 0, 2, 2, 2, 2, 4, 
4, 4, 4, 4, 2, 0, 2, 0, 2, 4, 4, 4, 4, 
4, 2, 2, 2, 2, 0, 2, 0, 2, 2, 2, 2, 4, 
4, 2, 2, 2, 2, 2, 5, 2, 2, 2, 2, 2, 4, 
4, 2, 2, 2, 2, 2, 4, 2, 2, 2, 2, 2, 4, 
4, 2, 2, 2, 2, 2, 4, 2, 2, 2, 2, 2, 4, 
4, 3, 2, 2, 2, 3, 4, 2, 2, 2, 2, 3, 4, 
4, 4, 4, 4, 4, 4, 4, 4, 4, 4, 4, 4, 4, 
Right
4, 4, 4, 4, 4, 4, 4, 4, 4, 4, 4, 4, 4, 
4, 3, 2, 2, 2, 2, 4, 3, 2, 2, 2, 3, 4, 
4, 2, 2, 2, 2, 2, 4, 2, 2, 2, 2, 2, 4, 
4, 2, 2, 2, 2, 2, 4, 2, 2, 2, 2, 2, 4, 
4, 2, 2, 2, 2, 2, 2, 2, 2, 2, 2, 2, 4, 
4, 2, 2, 2, 2, 0, 2, 0, 2, 2, 2, 2, 4, 
4, 4, 4, 4, 2, 0, 2, 0, 2, 4, 4, 4, 4, 
4, 2, 2, 2, 2, 0, 5, 0, 2, 2, 2, 2, 4, 
4, 2, 2, 2, 2, 2, 2, 2, 2, 2, 2, 2, 4, 
4, 2, 2, 2, 2, 2, 4, 2, 2, 2, 2, 2, 4, 
4, 2, 2, 2, 2, 2, 4, 2, 2, 2, 2, 2, 4, 
4, 3, 2, 2, 2, 3, 4, 2, 2, 2, 2, 3, 4, 
4, 4, 4, 4, 4, 4, 4, 4, 4, 4, 4, 4, 4, 
Up
